{"M": [[0.186875, 0.0, 0.032343750000000004, -0.0009733072916666668, 0.0, 0.0, 0.0], [0.0, 7.486979166666667e-05, 0.0009733072916666668, -2.8076171875000005e-05, 0.0, 0.0, 0.0], [0.032343750000000004, 0.0009733072916666668, 0.186875, 0.0, -0.0009733072916666668, 0.0, 0.0], [-0.0009733072916666668, -2.8076171875000005e-05, 0.0, 7.486979166666667e-05, -2.8076171875000005e-05, 0.0, 0.0], [0.0, 0.0, -0.0009733072916666668, -2.8076171875000005e-05, 7.486979166666667e-05, 0.0009733072916666668, -2.8076171875000005e-05], [0.0, 0.0, 0.0, 0.0, 0.0009733072916666668, 0.0934375, -0.0016471354166666668], [0.0, 0.0, 0.0, 0.0, -2.8076171875000005e-05, -0.0016471354166666668, 3.743489583333334e-05]], "K": [[1280000.0000000002, 0.0, -640000.0000000001, 40000.00000000001, 0.0, 0.0, 0.0], [0.0, 6666.666666666668, -40000.00000000001, 1666.666666666667, 0.0, 0.0, 0.0], [-640000.0000000001, -40000.00000000001, 1280000.0000000002, 0.0, 40000.00000000001, 0.0, 0.0], [40000.00000000001, 1666.666666666667, 0.0, 6666.666666666668, 1666.666666666667, 0.0, 0.0], [0.0, 0.0, 40000.00000000001, 1666.666666666667, 7566.666666666668, -40000.00000000001, 1666.666666666667], [0.0, 0.0, 0.0, 0.0, -40000.00000000001, 640000.0000000001, -40000.00000000001], [0.0, 0.0, 0.0, 0.0, 1666.666666666667, -40000.00000000001, 3333.333333333334]]}